
19864954051,123456
19847004866,123456
19853504365,123456
19861969503,123456
19874116585,123456
19841203208,123456
19889964947,123456
19888018008,123456
19852175251,123456
19857156794,123456
19815803998,123456
19823187714,123456
19870734310,123456
19857566059,123456
19880223976,123456
19882722773,123456
19881627906,123456
19827930344,123456
19811304387,123456
19884941655,123456
19816034716,123456
19820676401,123456
19870917940,123456
19826829572,123456
19880985384,123456
19814944455,123456
19858258454,123456
19868749122,123456
19853881535,123456
19822082234,123456
19826643645,123456
19872020519,123456
19828926657,123456
15601961847,e10adc3949ba59abbe56e057f20f883e
15606566329,e10adc3949ba59abbe56e057f20f883e
13669354337,e10adc3949ba59abbe56e057f20f883e
13701667141,e10adc3949ba59abbe56e057f20f883e
13701667142,e10adc3949ba59abbe56e057f20f883e
13701667143,e10adc3949ba59abbe56e057f20f883e
13701667144,e10adc3949ba59abbe56e057f20f883e
13701667145,e10adc3949ba59abbe56e057f20f883e
13701667140,e10adc3949ba59abbe56e057f20f883e
13917382240,e10adc3949ba59abbe56e057f20f883e
17700000008,e10adc3949ba59abbe56e057f20f883e
19900000001,e10adc3949ba59abbe56e057f20f883e
19900000007,e10adc3949ba59abbe56e057f20f883e
19900000008,e10adc3949ba59abbe56e057f20f883e
19900000009,e10adc3949ba59abbe56e057f20f883e
19900000010,e10adc3949ba59abbe56e057f20f883e